0
0
0
0
0
0
0
0
0
0
0
0
0
0
0
0
0
0
0
0
0
0
0
0
0
0
0
0
0
0
0
0
0
0
0
0
0
0
0
0
0
0
0
0
0
0
0
0
0
0
0
0
0
0
0
0
0
0
0
0
0
0
0
0
0
0
0
0
0
0
0
0
0
0
0
0
0
0
0
0
0
0
9.90661
9.90852
9.91358
9.92082
9.92942
9.93874
9.94828
9.95768
9.96669
9.97517
9.98301
9.9902
9.9967
10.0026
10.0078
10.0125
10.0167
10.0204
10.0236
10.0265
10.0291
10.0313
10.0335
10.0356
10.0376
10.0395
10.0412
10.0429
10.0445
10.0459
10.0473
10.0485
10.0495
10.0505
10.0513
10.0521
10.0527
10.0531
10.0534
10.0536
10.0537
9.90661
9.90853
9.91358
9.92082
9.92942
9.93874
9.94827
9.95768
9.96669
9.97516
9.98301
9.99019
9.99671
10.0026
10.0078
10.0125
10.0167
10.0204
10.0236
10.0265
10.0291
10.0313
10.0335
10.0356
10.0376
10.0395
10.0412
10.0429
10.0445
10.0459
10.0473
10.0485
10.0496
10.0505
10.0514
10.0521
10.0526
10.0531
10.0534
10.0536
10.0537
19.8121
19.8159
19.8261
19.8407
19.8581
19.8768
19.8961
19.915
19.9332
19.9503
19.9661
19.9806
19.9937
20.0055
20.0161
20.0256
20.034
20.0414
20.048
20.0539
20.059
20.0636
20.0679
20.0721
20.0761
20.0799
20.0835
20.0869
20.0901
20.093
20.0957
20.0982
20.1004
20.1023
20.104
20.1054
20.1066
20.1075
20.1082
20.1086
20.1087
19.8121
19.8159
19.8261
19.8407
19.8581
19.8768
19.8961
19.915
19.9332
19.9503
19.9661
19.9806
19.9937
20.0056
20.0161
20.0256
20.034
20.0414
20.048
20.0539
20.059
20.0636
20.0679
20.0721
20.0761
20.0799
20.0835
20.0869
20.0901
20.093
20.0957
20.0981
20.1004
20.1023
20.104
20.1054
20.1066
20.1076
20.1082
20.1086
20.1087
29.7152
29.7211
29.7365
29.7587
29.785
29.8136
29.8428
29.8716
29.8992
29.9252
29.9493
29.9713
29.9913
30.0093
30.0254
30.0397
30.0525
30.0639
30.0739
30.0828
30.0906
30.0976
30.1042
30.1106
30.1167
30.1225
30.1279
30.1331
30.1379
30.1423
30.1465
30.1502
30.1536
30.1565
30.1591
30.1613
30.1631
30.1646
30.1656
30.1662
30.1664
29.7152
29.7211
29.7365
29.7587
29.785
29.8136
29.8428
29.8716
29.8992
29.9252
29.9493
29.9713
29.9913
30.0093
30.0254
30.0398
30.0525
30.0639
30.0739
30.0828
30.0906
30.0976
30.1042
30.1106
30.1167
30.1225
30.1279
30.1331
30.1379
30.1424
30.1465
30.1502
30.1536
30.1565
30.1591
30.1613
30.1631
30.1646
30.1656
30.1662
30.1664
39.6148
39.6228
39.6438
39.6739
39.7097
39.7484
39.7881
39.8272
39.8648
39.9
39.9327
39.9627
39.9898
40.0143
40.0362
40.0557
40.0731
40.0885
40.1021
40.1142
40.1249
40.1343
40.1433
40.152
40.1603
40.1682
40.1756
40.1826
40.1891
40.1952
40.2008
40.2059
40.2105
40.2145
40.2181
40.2211
40.2235
40.2255
40.2268
40.2277
40.228
39.6148
39.6228
39.6438
39.6739
39.7097
39.7484
39.7881
39.8272
39.8647
39.9
39.9327
39.9627
39.9898
40.0143
40.0362
40.0557
40.0731
40.0885
40.1021
40.1142
40.1249
40.1343
40.1434
40.152
40.1603
40.1682
40.1756
40.1826
40.1891
40.1952
40.2008
40.2059
40.2105
40.2145
40.2181
40.2211
40.2235
40.2255
40.2268
40.2277
40.228
49.5097
49.5199
49.5467
49.5852
49.6309
49.6805
49.7313
49.7814
49.8294
49.8746
49.9164
49.9548
49.9895
50.0209
50.0489
50.074
50.0962
50.116
50.1335
50.1489
50.1626
50.1747
50.1862
50.1973
50.2079
50.218
50.2275
50.2365
50.2449
50.2526
50.2598
50.2663
50.2722
50.2774
50.2819
50.2858
50.2889
50.2914
50.2932
50.2942
50.2946
49.5097
49.5199
49.5467
49.5852
49.6309
49.6805
49.7313
49.7814
49.8294
49.8746
49.9164
49.9548
49.9895
50.0209
50.0489
50.074
50.0962
50.116
50.1335
50.1489
50.1626
50.1747
50.1862
50.1973
50.2079
50.218
50.2275
50.2365
50.2449
50.2526
50.2598
50.2663
50.2722
50.2774
50.2819
50.2857
50.2889
50.2914
50.2932
50.2942
50.2946
59.3985
59.411
59.4441
59.4916
59.5481
59.6092
59.6719
59.7337
59.793
59.8488
59.9005
59.9479
59.9908
60.0296
60.0643
60.0952
60.1227
60.1471
60.1688
60.1879
60.2048
60.2197
60.234
60.2477
60.2608
60.2732
60.285
60.296
60.3064
60.3159
60.3247
60.3328
60.34
60.3464
60.352
60.3567
60.3606
60.3637
60.3658
60.3671
60.3676
59.3985
59.411
59.4441
59.4916
59.5481
59.6092
59.6719
59.7337
59.793
59.8488
59.9005
59.9479
59.9909
60.0296
60.0643
60.0952
60.1227
60.1472
60.1688
60.1879
60.2048
60.2197
60.234
60.2477
60.2608
60.2733
60.285
60.296
60.3064
60.3159
60.3247
60.3328
60.34
60.3464
60.352
60.3567
60.3606
60.3637
60.3658
60.3671
60.3676
69.2797
69.2948
69.3347
69.3919
69.46
69.5337
69.6093
69.6838
69.7553
69.8226
69.885
69.9422
69.994
70.0408
70.0827
70.12
70.1533
70.1828
70.2089
70.232
70.2524
70.2704
70.2877
70.3042
70.32
70.335
70.3491
70.3624
70.3748
70.3863
70.3969
70.4065
70.4152
70.4229
70.4296
70.4353
70.44
70.4436
70.4463
70.4478
70.4484
69.2797
69.2948
69.3347
69.3919
69.46
69.5337
69.6093
69.6838
69.7553
69.8226
69.885
69.9422
69.994
70.0408
70.0827
70.12
70.1533
70.1828
70.2089
70.232
70.2524
70.2704
70.2877
70.3042
70.32
70.3349
70.3491
70.3624
70.3748
70.3863
70.3969
70.4066
70.4152
70.4229
70.4296
70.4353
70.44
70.4437
70.4463
70.4478
70.4484
79.1518
79.1697
79.217
79.2848
79.3655
79.453
79.5426
79.631
79.7159
79.7958
79.8699
79.9378
79.9994
80.0549
80.1047
80.1491
80.1886
80.2236
80.2546
80.2821
80.3064
80.3277
80.3482
80.3678
80.3865
80.4043
80.421
80.4368
80.4515
80.4651
80.4777
80.4891
80.4993
80.5084
80.5164
80.5231
80.5286
80.5329
80.536
80.5378
80.5384
79.1518
79.1697
79.217
79.2848
79.3655
79.453
79.5426
79.631
79.7159
79.7959
79.8699
79.9378
79.9994
80.0549
80.1047
80.1491
80.1886
80.2236
80.2546
80.2821
80.3064
80.3277
80.3482
80.3678
80.3865
80.4043
80.421
80.4368
80.4515
80.4651
80.4777
80.4891
80.4993
80.5084
80.5164
80.5231
80.5286
80.5329
80.536
80.5378
80.5384
89.0131
89.0341
89.0896
89.1691
89.2636
89.3662
89.4713
89.575
89.6746
89.7684
89.8553
89.935
90.0073
90.0725
90.1309
90.1831
90.2295
90.2706
90.3071
90.3393
90.3678
90.3929
90.4169
90.44
90.4619
90.4827
90.5023
90.5208
90.538
90.554
90.5687
90.582
90.594
90.6047
90.6139
90.6218
90.6282
90.6333
90.6368
90.639
90.6397
89.0131
89.0341
89.0896
89.1691
89.2636
89.3662
89.4713
89.575
89.6746
89.7684
89.8553
89.935
90.0073
90.0725
90.1309
90.1831
90.2295
90.2706
90.3071
90.3393
90.3678
90.3929
90.4169
90.4399
90.4619
90.4827
90.5023
90.5208
90.538
90.554
90.5687
90.582
90.594
90.6047
90.6139
90.6218
90.6282
90.6333
90.6369
90.639
90.6397
98.8618
98.8862
98.9507
99.0431
99.153
99.2723
99.3945
99.5152
99.6311
99.7402
99.8413
99.9341
100.018
100.094
100.162
100.223
100.277
100.325
100.367
100.405
100.438
100.467
100.495
100.522
100.547
100.572
100.595
100.616
100.636
100.655
100.672
100.687
100.701
100.714
100.724
100.733
100.741
100.747
100.751
100.754
100.754
98.8618
98.8862
98.9507
99.0431
99.153
99.2723
99.3945
99.5152
99.6311
99.7402
99.8413
99.934
100.018
100.094
100.162
100.223
100.277
100.325
100.367
100.405
100.438
100.467
100.495
100.522
100.547
100.572
100.595
100.616
100.636
100.655
100.672
100.687
100.701
100.714
100.724
100.733
100.741
100.747
100.751
100.754
100.754
108.696
108.724
108.798
108.905
109.032
109.17
109.311
109.451
109.585
109.711
109.828
109.935
110.033
110.12
110.199
110.269
110.332
110.387
110.436
110.48
110.518
110.552
110.584
110.615
110.645
110.673
110.7
110.724
110.748
110.769
110.789
110.807
110.823
110.837
110.85
110.86
110.869
110.876
110.881
110.884
110.885
108.696
108.724
108.798
108.905
109.032
109.17
109.311
109.451
109.585
109.711
109.828
109.935
110.033
110.12
110.199
110.269
110.332
110.387
110.436
110.48
110.518
110.552
110.584
110.615
110.645
110.673
110.7
110.724
110.748
110.769
110.789
110.807
110.823
110.837
110.85
110.86
110.869
110.876
110.881
110.884
110.885
118.513
118.545
118.631
118.753
118.899
119.058
119.22
119.381
119.535
119.68
119.815
119.939
120.051
120.152
120.243
120.324
120.396
120.459
120.516
120.566
120.61
120.649
120.687
120.722
120.756
120.789
120.819
120.848
120.875
120.9
120.922
120.943
120.962
120.978
120.993
121.005
121.015
121.023
121.028
121.032
121.033
118.513
118.545
118.631
118.753
118.899
119.058
119.22
119.381
119.535
119.68
119.815
119.939
120.051
120.152
120.243
120.324
120.396
120.459
120.516
120.566
120.61
120.649
120.687
120.722
120.756
120.789
120.819
120.848
120.875
120.9
120.922
120.943
120.962
120.978
120.993
121.005
121.015
121.023
121.028
121.032
121.033
128.31
128.347
128.445
128.586
128.753
128.935
129.121
129.305
129.482
129.648
129.803
129.945
130.073
130.19
130.294
130.387
130.469
130.543
130.608
130.665
130.716
130.761
130.804
130.845
130.884
130.921
130.956
130.989
131.02
131.049
131.075
131.099
131.12
131.139
131.156
131.17
131.182
131.191
131.197
131.201
131.202
128.31
128.347
128.445
128.586
128.753
128.935
129.121
129.305
129.482
129.648
129.803
129.945
130.073
130.19
130.294
130.387
130.469
130.543
130.608
130.665
130.716
130.761
130.804
130.845
130.884
130.921
130.956
130.989
131.02
131.049
131.075
131.099
131.12
131.139
131.156
131.17
131.181
131.191
131.197
131.201
131.202
138.085
138.128
138.239
138.4
138.591
138.799
139.012
139.222
139.424
139.615
139.792
139.954
140.101
140.234
140.353
140.46
140.555
140.639
140.713
140.779
140.837
140.889
140.938
140.985
141.03
141.073
141.113
141.151
141.186
141.219
141.249
141.276
141.301
141.323
141.342
141.358
141.372
141.382
141.389
141.394
141.395
138.085
138.128
138.239
138.4
138.591
138.799
139.012
139.222
139.424
139.615
139.792
139.954
140.101
140.234
140.353
140.46
140.555
140.639
140.713
140.779
140.837
140.889
140.938
140.985
141.03
141.073
141.113
141.151
141.186
141.219
141.249
141.276
141.301
141.323
141.342
141.358
141.372
141.382
141.389
141.394
141.395
147.835
147.883
148.01
148.193
148.411
148.648
148.891
149.131
149.361
149.579
149.781
149.966
150.135
150.287
150.423
150.545
150.653
150.749
150.835
150.91
150.977
151.035
151.092
151.146
151.197
151.246
151.292
151.336
151.376
151.414
151.448
151.48
151.508
151.533
151.555
151.573
151.589
151.601
151.609
151.614
151.616
147.835
147.883
148.01
148.193
148.411
148.648
148.891
149.131
149.361
149.579
149.781
149.966
150.135
150.287
150.423
150.545
150.653
150.749
150.835
150.91
150.977
151.035
151.092
151.146
151.197
151.246
151.292
151.336
151.376
151.414
151.448
151.48
151.508
151.533
151.555
151.573
151.589
151.601
151.609
151.614
151.616
157.555
157.61
157.755
157.963
158.211
158.48
158.756
159.03
159.293
159.541
159.771
159.983
160.175
160.348
160.504
160.643
160.767
160.876
160.974
161.06
161.136
161.204
161.268
161.33
161.389
161.445
161.497
161.547
161.593
161.636
161.676
161.712
161.744
161.773
161.798
161.819
161.836
161.85
161.86
161.866
161.868
157.555
157.61
157.755
157.963
158.211
158.48
158.756
159.03
159.293
159.541
159.771
159.983
160.175
160.348
160.504
160.643
160.767
160.876
160.974
161.06
161.136
161.204
161.268
161.33
161.389
161.445
161.497
161.547
161.593
161.636
161.676
161.712
161.744
161.773
161.798
161.819
161.836
161.85
161.86
161.866
161.868
167.242
167.304
167.469
167.705
167.987
168.293
168.607
168.918
169.218
169.5
169.762
170.003
170.222
170.42
170.597
170.756
170.897
171.023
171.134
171.232
171.319
171.396
171.47
171.54
171.607
171.671
171.732
171.788
171.841
171.89
171.935
171.977
172.014
172.046
172.075
172.099
172.119
172.135
172.146
172.153
172.155
167.242
167.304
167.469
167.705
167.987
168.293
168.607
168.918
169.218
169.5
169.762
170.003
170.222
170.42
170.597
170.756
170.897
171.023
171.134
171.232
171.319
171.396
171.47
171.54
171.607
171.671
171.732
171.788
171.841
171.89
171.935
171.977
172.014
172.046
172.075
172.099
172.119
172.135
172.146
172.153
172.155
176.892
176.962
177.149
177.417
177.736
178.084
178.441
178.794
179.134
179.455
179.754
180.028
180.277
180.503
180.705
180.886
181.047
181.19
181.317
181.429
181.529
181.616
181.7
181.781
181.857
181.93
181.999
182.064
182.124
182.18
182.232
182.279
182.321
182.359
182.391
182.419
182.442
182.46
182.473
182.48
182.483
176.892
176.962
177.149
177.417
177.736
178.084
178.441
178.794
179.134
179.455
179.754
180.028
180.277
180.503
180.705
180.886
181.047
181.19
181.317
181.429
181.529
181.616
181.7
181.781
181.857
181.93
181.999
182.064
182.124
182.18
182.232
182.279
182.321
182.359
182.391
182.419
182.442
182.46
182.472
182.48
182.483
186.499
186.578
186.79
187.093
187.455
187.849
188.254
188.655
189.042
189.407
189.746
190.058
190.342
190.598
190.829
191.035
191.218
191.381
191.526
191.654
191.768
191.867
191.963
192.055
192.143
192.226
192.304
192.378
192.447
192.511
192.57
192.624
192.672
192.715
192.753
192.784
192.81
192.831
192.845
192.854
192.857
186.499
186.578
186.79
187.093
187.455
187.849
188.254
188.655
189.042
189.407
189.746
190.058
190.342
190.598
190.829
191.035
191.218
191.381
191.526
191.654
191.768
191.867
191.963
192.055
192.143
192.226
192.304
192.378
192.447
192.511
192.57
192.624
192.672
192.715
192.753
192.784
192.81
192.831
192.845
192.854
192.857
196.057
196.147
196.386
196.73
197.14
197.586
198.045
198.5
198.939
199.353
199.739
200.094
200.416
200.708
200.971
201.205
201.414
201.6
201.765
201.911
202.04
202.154
202.264
202.368
202.468
202.563
202.653
202.737
202.816
202.889
202.957
203.018
203.073
203.122
203.165
203.201
203.231
203.254
203.27
203.28
203.284
196.057
196.147
196.386
196.73
197.14
197.586
198.045
198.5
198.939
199.353
199.739
200.094
200.416
200.708
200.971
201.205
201.414
201.6
201.765
201.911
202.04
202.154
202.264
202.368
202.468
202.563
202.653
202.737
202.816
202.889
202.957
203.018
203.073
203.122
203.165
203.201
203.231
203.254
203.27
203.28
203.284
205.561
205.663
205.933
206.321
206.785
207.29
207.81
208.325
208.823
209.294
209.732
210.135
210.502
210.834
211.133
211.4
211.638
211.85
212.038
212.204
212.352
212.482
212.606
212.726
212.84
212.948
213.051
213.147
213.237
213.321
213.397
213.467
213.53
213.586
213.635
213.676
213.71
213.737
213.756
213.767
213.771
205.561
205.663
205.933
206.321
206.785
207.29
207.81
208.325
208.823
209.294
209.732
210.135
210.502
210.834
211.133
211.4
211.638
211.85
212.038
212.204
212.352
212.482
212.606
212.726
212.84
212.948
213.051
213.147
213.237
213.32
213.397
213.467
213.53
213.586
213.635
213.676
213.71
213.737
213.756
213.767
213.771
215.003
215.118
215.423
215.861
216.385
216.956
217.545
218.129
218.693
219.227
219.724
220.182
220.6
220.978
221.318
221.622
221.893
222.135
222.349
222.539
222.707
222.855
222.997
223.134
223.264
223.388
223.504
223.614
223.717
223.813
223.9
223.98
224.052
224.116
224.172
224.219
224.258
224.288
224.31
224.323
224.327
215.003
215.118
215.423
215.861
216.385
216.956
217.545
218.129
218.693
219.227
219.724
220.182
220.6
220.978
221.318
221.622
221.893
222.135
222.349
222.539
222.707
222.855
222.997
223.134
223.264
223.388
223.504
223.614
223.717
223.813
223.9
223.98
224.052
224.116
224.172
224.219
224.258
224.288
224.31
224.323
224.327
224.376
224.505
224.849
225.343
225.934
226.58
227.245
227.907
228.546
229.151
229.716
230.236
230.711
231.141
231.528
231.874
232.183
232.459
232.703
232.92
233.111
233.28
233.443
233.599
233.747
233.889
234.022
234.148
234.265
234.374
234.475
234.566
234.648
234.721
234.785
234.839
234.884
234.918
234.943
234.958
234.963
224.376
224.505
224.849
225.343
225.934
226.58
227.245
227.907
228.546
229.151
229.716
230.236
230.711
231.141
231.528
231.874
232.183
232.459
232.703
232.92
233.111
233.28
233.443
233.599
233.747
233.889
234.022
234.148
234.265
234.374
234.475
234.566
234.648
234.721
234.785
234.839
234.884
234.918
234.943
234.958
234.963
233.669
233.816
234.202
234.759
235.426
236.155
236.907
237.655
238.379
239.065
239.706
240.297
240.836
241.325
241.766
242.161
242.513
242.827
243.106
243.353
243.572
243.765
243.951
244.129
244.299
244.46
244.613
244.757
244.891
245.016
245.13
245.235
245.329
245.413
245.485
245.547
245.598
245.638
245.666
245.683
245.689
233.669
233.816
234.202
234.759
235.426
236.155
236.907
237.655
238.379
239.065
239.706
240.297
240.836
241.325
241.766
242.161
242.513
242.827
243.106
243.353
243.572
243.765
243.951
244.129
244.299
244.46
244.613
244.757
244.891
245.015
245.13
245.235
245.329
245.413
245.485
245.547
245.598
245.638
245.666
245.683
245.689
242.875
243.039
243.474
244.101
244.852
245.674
246.523
247.369
248.188
248.966
249.693
250.364
250.977
251.534
252.035
252.485
252.887
253.245
253.563
253.846
254.096
254.317
254.529
254.732
254.927
255.111
255.286
255.451
255.604
255.747
255.879
255.998
256.106
256.202
256.286
256.356
256.415
256.46
256.493
256.512
256.519
242.875
243.039
243.474
244.101
244.852
245.674
246.523
247.369
248.188
248.966
249.693
250.364
250.977
251.534
252.035
252.485
252.887
253.245
253.563
253.846
254.096
254.317
254.529
254.732
254.927
255.111
255.286
255.451
255.604
255.747
255.879
255.998
256.106
256.202
256.286
256.356
256.415
256.46
256.493
256.512
256.519
251.981
252.166
252.654
253.359
254.204
255.13
256.088
257.043
257.97
258.851
259.676
260.438
261.135
261.768
262.339
262.852
263.31
263.719
264.082
264.405
264.691
264.944
265.186
265.419
265.642
265.854
266.054
266.242
266.419
266.582
266.733
266.87
266.994
267.104
267.2
267.281
267.348
267.4
267.438
267.46
267.468
251.981
252.166
252.654
253.359
254.204
255.13
256.088
257.043
257.97
258.851
259.676
260.438
261.135
261.768
262.339
262.852
263.31
263.719
264.082
264.405
264.691
264.944
265.186
265.419
265.642
265.853
266.054
266.242
266.419
266.582
266.733
266.87
266.994
267.104
267.2
267.281
267.348
267.4
267.438
267.46
267.468
260.976
261.182
261.73
262.521
263.472
264.513
265.593
266.672
267.72
268.717
269.652
270.517
271.31
272.03
272.681
273.265
273.788
274.255
274.671
275.04
275.367
275.656
275.934
276.201
276.456
276.699
276.929
277.145
277.347
277.535
277.708
277.866
278.009
278.135
278.245
278.339
278.415
278.475
278.518
278.544
278.553
260.976
261.182
261.73
262.521
263.472
264.513
265.593
266.672
267.72
268.717
269.652
270.517
271.31
272.03
272.681
273.265
273.788
274.255
274.671
275.04
275.367
275.656
275.934
276.201
276.456
276.699
276.929
277.145
277.347
277.535
277.708
277.866
278.009
278.135
278.245
278.339
278.415
278.475
278.518
278.544
278.553
269.845
270.077
270.69
271.577
272.643
273.814
275.03
276.247
277.431
278.56
279.619
280.601
281.502
282.322
283.063
283.73
284.328
284.861
285.337
285.759
286.134
286.465
286.784
287.09
287.383
287.662
287.926
288.174
288.407
288.623
288.822
289.004
289.168
289.313
289.44
289.548
289.637
289.706
289.755
289.785
289.795
269.845
270.077
270.69
271.577
272.643
273.814
275.03
276.247
277.431
278.56
279.619
280.601
281.502
282.322
283.063
283.73
284.328
284.861
285.337
285.759
286.134
286.465
286.784
287.09
287.383
287.662
287.926
288.174
288.407
288.623
288.822
289.004
289.168
289.313
289.44
289.548
289.637
289.706
289.755
289.785
289.795
278.575
278.833
279.519
280.511
281.707
283.021
284.389
285.759
287.096
288.373
289.573
290.688
291.712
292.645
293.491
294.252
294.935
295.545
296.089
296.573
297.004
297.383
297.749
298.101
298.438
298.758
299.062
299.348
299.616
299.865
300.095
300.304
300.493
300.661
300.808
300.932
301.034
301.114
301.172
301.206
301.217
278.575
278.833
279.519
280.511
281.707
283.021
284.389
285.759
287.096
288.373
289.573
290.688
291.712
292.645
293.491
294.252
294.935
295.545
296.089
296.573
297.004
297.383
297.749
298.101
298.438
298.758
299.062
299.348
299.616
299.865
300.095
300.304
300.493
300.661
300.808
300.932
301.034
301.114
301.171
301.206
301.217
287.148
287.436
288.202
289.31
290.647
292.12
293.657
295.199
296.707
298.15
299.51
300.774
301.939
303.002
303.966
304.836
305.617
306.315
306.939
307.494
307.988
308.425
308.846
309.25
309.638
310.007
310.357
310.687
310.997
311.284
311.55
311.792
312.01
312.204
312.374
312.518
312.636
312.729
312.795
312.835
312.848
287.148
287.436
288.202
289.31
290.647
292.12
293.657
295.199
296.707
298.15
299.51
300.774
301.939
303.002
303.966
304.836
305.617
306.315
306.939
307.494
307.988
308.425
308.846
309.25
309.638
310.007
310.357
310.687
310.997
311.284
311.55
311.792
312.01
312.204
312.374
312.518
312.636
312.729
312.795
312.835
312.848
295.548
295.868
296.72
297.955
299.448
301.097
302.82
304.554
306.253
307.883
309.422
310.857
312.181
313.392
314.492
315.486
316.38
317.181
317.897
318.535
319.103
319.605
320.09
320.556
321.003
321.43
321.834
322.216
322.574
322.907
323.214
323.494
323.748
323.973
324.169
324.336
324.474
324.581
324.658
324.704
324.72
295.548
295.868
296.72
297.955
299.448
301.097
302.82
304.554
306.253
307.883
309.422
310.857
312.181
313.392
314.492
315.486
316.38
317.181
317.897
318.535
319.103
319.605
320.09
320.556
321.003
321.43
321.834
322.216
322.574
322.907
323.214
323.494
323.748
323.973
324.169
324.336
324.474
324.581
324.658
324.704
324.72
303.753
304.109
305.055
306.429
308.093
309.934
311.863
313.809
315.721
317.561
319.303
320.931
322.436
323.816
325.072
326.209
327.233
328.152
328.974
329.708
330.363
330.942
331.501
332.04
332.557
333.05
333.519
333.961
334.376
334.762
335.119
335.445
335.74
336.002
336.23
336.425
336.585
336.71
336.8
336.853
336.871
303.753
304.109
305.055
306.429
308.093
309.934
311.863
313.809
315.721
317.561
319.303
320.931
322.436
323.816
325.072
326.209
327.233
328.152
328.974
329.708
330.363
330.942
331.501
332.04
332.557
333.05
333.519
333.961
334.376
334.762
335.119
335.445
335.74
336.002
336.23
336.425
336.585
336.71
336.8
336.853
336.871
311.744
312.138
313.186
314.71
316.559
318.611
320.767
322.948
325.097
327.172
329.141
330.986
332.697
334.27
335.705
337.006
338.181
339.237
340.183
341.029
341.784
342.454
343.101
343.725
344.324
344.896
345.44
345.955
346.437
346.887
347.303
347.683
348.027
348.333
348.6
348.827
349.014
349.16
349.265
349.328
349.349
311.744
312.138
313.186
314.71
316.559
318.611
320.767
322.948
325.097
327.172
329.141
330.986
332.697
334.27
335.705
337.006
338.181
339.237
340.183
341.029
341.784
342.453
343.101
343.725
344.324
344.896
345.441
345.955
346.437
346.887
347.303
347.683
348.027
348.333
348.6
348.827
349.014
349.16
349.265
349.328
349.349
319.498
319.932
321.089
322.775
324.825
327.107
329.51
331.95
334.362
336.698
338.922
341.013
342.958
344.75
346.39
347.881
349.23
350.445
351.536
352.513
353.387
354.161
354.912
355.637
356.333
356.999
357.633
358.233
358.797
359.323
359.809
360.254
360.657
361.015
361.328
361.595
361.815
361.987
362.11
362.184
362.209
319.498
319.932
321.089
322.775
324.825
327.107
329.51
331.95
334.362
336.698
338.922
341.013
342.958
344.75
346.39
347.881
349.23
350.445
351.536
352.513
353.387
354.161
354.912
355.637
356.333
356.999
357.633
358.233
358.797
359.323
359.809
360.254
360.657
361.015
361.328
361.595
361.815
361.987
362.11
362.184
362.209
326.989
327.467
328.74
330.599
332.866
335.395
338.068
340.792
343.494
346.119
348.629
350.997
353.207
355.25
357.124
358.834
360.384
361.785
363.045
364.175
365.188
366.087
366.961
367.804
368.617
369.395
370.136
370.839
371.499
372.117
372.688
373.212
373.686
374.108
374.478
374.793
375.052
375.255
375.4
375.488
375.517
326.989
327.467
328.74
330.599
332.866
335.395
338.068
340.792
343.494
346.119
348.629
350.997
353.207
355.25
357.124
358.834
360.384
361.785
363.045
364.175
365.188
366.087
366.961
367.805
368.617
369.395
370.136
370.839
371.499
372.117
372.688
373.212
373.686
374.108
374.478
374.793
375.052
375.255
375.4
375.488
375.517
334.193
334.716
336.113
338.156
340.653
343.448
346.413
349.445
352.465
355.411
358.239
360.918
363.426
365.755
367.899
369.86
371.645
373.261
374.719
376.03
377.207
378.254
379.273
380.259
381.21
382.122
382.993
383.819
384.598
385.326
386.001
386.62
387.182
387.682
388.121
388.495
388.803
389.044
389.217
389.321
389.356
334.193
334.716
336.113
338.156
340.653
343.448
346.413
349.445
352.465
355.411
358.239
360.918
363.426
365.755
367.899
369.86
371.645
373.261
374.719
376.03
377.206
378.254
379.273
380.259
381.21
382.122
382.993
383.819
384.598
385.326
386.001
386.621
387.182
387.682
388.121
388.495
388.803
389.044
389.217
389.321
389.356
341.082
341.652
343.179
345.414
348.156
351.234
354.511
357.877
361.243
364.542
367.723
370.748
373.595
376.247
378.699
380.951
383.007
384.875
386.565
388.089
389.46
390.684
391.877
393.034
394.152
395.226
396.254
397.231
398.153
399.018
399.82
400.557
401.226
401.823
402.347
402.794
403.163
403.452
403.659
403.784
403.825
341.082
341.652
343.179
345.414
348.156
351.234
354.511
357.877
361.243
364.542
367.723
370.748
373.595
376.247
378.699
380.951
383.007
384.875
386.565
388.089
389.46
390.684
391.877
393.034
394.152
395.226
396.254
397.231
398.153
399.017
399.82
400.557
401.226
401.823
402.347
402.794
403.163
403.452
403.659
403.784
403.825
347.627
348.247
349.907
352.344
355.341
358.717
362.327
366.05
369.791
373.475
377.043
380.455
383.68
386.699
389.503
392.089
394.459
396.621
398.584
400.361
401.964
403.398
404.799
406.162
407.483
408.755
409.975
411.137
412.236
413.269
414.229
415.113
415.916
416.635
417.266
417.805
418.251
418.6
418.85
419.001
419.051
347.627
348.247
349.907
352.344
355.341
358.717
362.327
366.05
369.791
373.475
377.043
380.455
383.68
386.699
389.503
392.089
394.459
396.621
398.585
400.361
401.964
403.398
404.799
406.163
407.483
408.755
409.975
411.137
412.236
413.269
414.229
415.113
415.916
416.635
417.266
417.805
418.251
418.6
418.85
419.001
419.051
353.799
354.469
356.266
358.911
362.172
365.859
369.818
373.92
378.062
382.162
386.154
389.992
393.639
397.071
400.275
403.245
405.98
408.485
410.77
412.845
414.724
416.411
418.064
419.677
421.245
422.76
424.216
425.608
426.928
428.171
429.33
430.4
431.374
432.247
433.015
433.672
434.215
434.641
434.948
435.132
435.194
353.799
354.469
356.266
358.911
362.172
365.859
369.818
373.92
378.062
382.162
386.154
389.992
393.639
397.071
400.275
403.245
405.98
408.485
410.77
412.845
414.724
416.411
418.064
419.677
421.245
422.76
424.216
425.608
426.928
428.171
429.33
430.4
431.374
432.247
433.014
433.672
434.215
434.641
434.948
435.132
435.194
359.568
360.289
362.225
365.079
368.61
372.618
376.938
381.437
386.003
390.547
394.999
399.302
403.415
407.31
410.966
414.374
417.529
420.435
423.097
425.527
427.736
429.728
431.686
433.605
435.476
437.291
439.043
440.723
442.322
443.832
445.244
446.551
447.745
448.818
449.764
450.575
451.247
451.774
452.154
452.382
452.459
359.568
360.289
362.225
365.079
368.61
372.618
376.938
381.437
386.003
390.547
394.999
399.302
403.415
407.31
410.966
414.374
417.529
420.435
423.097
425.527
427.736
429.728
431.686
433.605
435.476
437.291
439.043
440.723
442.322
443.832
445.244
446.552
447.745
448.818
449.764
450.575
451.247
451.774
452.154
452.382
452.459
364.903
365.675
367.749
370.813
374.615
378.946
383.637
388.545
393.553
398.566
403.506
408.312
412.936
417.342
421.505
425.409
429.047
432.417
435.523
438.372
440.976
443.334
445.665
447.958
450.205
452.395
454.518
456.562
458.517
460.371
462.113
463.731
465.214
466.551
467.732
468.748
469.592
470.255
470.733
471.022
471.118
364.903
365.675
367.749
370.813
374.615
378.946
383.637
388.545
393.553
398.566
403.506
408.312
412.936
417.342
421.505
425.409
429.047
432.417
435.523
438.372
440.976
443.335
445.665
447.958
450.205
452.395
454.518
456.562
458.517
460.372
462.113
463.731
465.214
466.551
467.732
468.748
469.592
470.255
470.733
471.022
471.119
369.776
370.597
372.805
376.075
380.144
384.798
389.859
395.181
400.641
406.14
411.593
416.932
422.105
427.069
431.792
436.254
440.44
444.344
447.966
451.31
454.385
457.186
459.969
462.724
465.438
468.099
470.693
473.205
475.622
477.926
480.102
482.133
484.004
485.698
487.201
488.499
489.579
490.431
491.046
491.415
491.544
369.776
370.597
372.805
376.075
380.144
384.798
389.859
395.181
400.641
406.14
411.593
416.932
422.105
427.069
431.792
436.254
440.44
444.344
447.966
451.31
454.385
457.186
459.969
462.724
465.438
468.099
470.693
473.205
475.622
477.926
480.102
482.133
484.004
485.698
487.201
488.499
489.579
490.431
491.045
491.418
491.54
374.156
375.024
377.36
380.828
385.155
390.121
395.546
401.278
407.191
413.181
419.159
425.054
430.806
436.366
441.698
446.773
451.572
456.083
460.3
464.222
467.854
471.185
474.518
477.839
481.135
484.391
487.588
490.707
493.73
496.633
499.394
501.989
504.394
506.586
508.541
510.237
511.655
512.776
513.587
514.087
514.233
374.156
375.024
377.36
380.828
385.155
390.121
395.546
401.278
407.191
413.181
419.159
425.054
430.806
436.366
441.698
446.773
451.572
456.083
460.3
464.222
467.854
471.185
474.518
477.839
481.135
484.391
487.588
490.707
493.73
496.633
499.394
501.989
504.394
506.586
508.541
510.237
511.655
512.776
513.588
514.076
514.25
378.016
378.927
381.383
385.035
389.604
394.867
400.638
406.764
413.118
419.591
426.094
432.55
438.895
445.076
451.052
456.786
462.255
467.439
472.327
476.912
481.193
485.152
489.145
493.159
497.177
501.182
505.153
509.066
512.894
516.606
520.172
523.555
526.719
529.626
532.24
534.523
536.444
537.974
539.084
539.723
540.028
378.016
378.927
381.383
385.035
389.604
394.867
400.638
406.764
413.118
419.591
426.094
432.55
438.895
445.076
451.052
456.786
462.255
467.439
472.327
476.912
481.193
485.152
489.145
493.158
497.177
501.182
505.153
509.066
512.894
516.606
520.172
523.555
526.719
529.626
532.24
534.524
536.443
537.97
539.08
539.768
539.954
381.33
382.281
384.844
388.663
393.452
398.985
405.074
411.567
418.334
425.267
432.273
439.275
446.206
453.011
459.642
466.06
472.235
478.142
483.763
489.086
494.103
498.785
503.553
508.395
513.295
518.236
523.194
528.143
533.047
537.869
542.561
547.074
551.35
555.329
558.948
562.143
564.85
567.012
568.61
569.708
569.688
381.33
382.281
384.844
388.663
393.452
398.985
405.074
411.567
418.334
425.267
432.273
439.275
446.206
453.011
459.642
466.06
472.235
478.142
483.763
489.086
494.103
498.785
503.553
508.394
513.295
518.236
523.194
528.143
533.047
537.869
542.561
547.074
551.35
555.329
558.947
562.143
564.856
567.03
568.61
569.52
570.02
384.076
385.06
387.717
391.679
396.659
402.428
408.798
415.616
422.753
430.1
437.567
445.075
452.557
459.955
467.22
474.311
481.193
487.837
494.22
500.323
506.135
511.614
517.253
523.046
528.986
535.058
541.244
547.52
553.85
560.189
566.479
572.648
578.609
584.26
589.493
594.199
598.27
601.582
603.905
604.917
606.925
384.076
385.06
387.717
391.679
396.659
402.428
408.798
415.616
422.753
430.1
437.567
445.075
452.557
459.955
467.22
474.311
481.193
487.837
494.22
500.323
506.135
511.614
517.253
523.046
528.985
535.058
541.244
547.52
553.85
560.189
566.479
572.649
578.61
584.262
589.493
594.189
598.234
601.524
603.997
605.678
605.419
386.234
387.245
389.976
394.056
399.192
405.155
411.756
418.844
426.291
433.989
441.849
449.794
457.756
465.68
473.515
481.22
488.757
496.096
503.21
510.078
516.683
522.974
529.52
536.327
543.404
550.752
558.371
566.253
574.381
582.725
591.236
599.837
608.414
616.81
624.812
632.161
638.6
644.022
648.716
652.786
646.966
386.234
387.245
389.976
394.056
399.192
405.155
411.756
418.844
426.291
433.989
441.849
449.794
457.756
465.68
473.515
481.219
488.757
496.096
503.21
510.078
516.683
522.974
529.519
536.327
543.404
550.752
558.37
566.252
574.381
582.725
591.235
599.835
608.415
616.818
624.843
632.241
638.743
644.067
647.869
649.819
654.01
387.786
388.818
391.605
395.771
401.023
407.129
413.904
421.195
428.876
436.842
445.003
453.286
461.625
469.964
478.255
486.457
494.534
502.453
510.188
517.716
525.017
532.034
539.407
547.162
555.327
563.933
573.014
582.601
592.728
603.425
614.711
626.589
639.026
651.924
665.066
678.01
689.899
699.194
703.789
705.083
736.867
387.786
388.818
391.605
395.771
401.023
407.129
413.904
421.195
428.876
436.842
445.003
453.286
461.625
469.964
478.255
486.457
494.534
502.453
510.188
517.716
525.017
532.034
539.407
547.161
555.327
563.933
573.013
582.6
592.726
603.42
614.699
626.563
638.971
651.818
664.887
677.792
689.952
700.677
709.48
715.311
702.141
388.723
389.767
392.588
396.807
402.13
408.325
415.207
422.624
430.451
438.584
446.937
455.434
464.013
472.619
481.207
489.736
498.169
506.477
514.633
522.614
530.399
537.928
545.893
554.339
563.315
572.881
583.108
594.078
605.893
618.672
632.567
647.765
664.503
683.097
703.971
727.703
754.995
786.122
817.644
826.036
691.19
388.723
389.767
392.588
396.807
402.13
408.325
415.207
422.624
430.451
438.584
446.937
455.434
464.013
472.62
481.207
489.736
498.169
506.477
514.633
522.614
530.399
537.928
545.893
554.339
563.315
572.881
583.107
594.076
605.887
618.658
632.532
647.678
664.288
682.566
702.674
724.598
747.831
770.844
791.04
810.935
883.386
389.036
390.084
392.916
397.153
402.5
408.726
415.644
423.104
430.981
439.171
447.588
456.159
464.82
473.52
482.21
490.852
499.411
507.856
516.162
524.304
532.264
539.979
548.161
556.862
566.141
576.071
586.739
598.252
610.743
624.384
639.397
656.085
674.881
696.45
721.914
753.399
795.485
859.337
975.457
1235.93
1944.34
389.036
390.084
392.916
397.153
402.5
408.726
415.644
423.104
430.981
439.171
447.588
456.159
464.82
473.52
482.21
490.852
499.411
507.856
516.162
524.304
532.264
539.979
548.161
556.862
566.141
576.071
586.738
598.249
610.736
624.365
639.348
655.958
674.552
695.585
719.613
747.183
778.329
810.637
831.986
792.921
497.561